Greek Gods,Roman Name,Descriptions,One Word Description
Zeus,Jupiter,"Majestic and thunderous, the sovereign of the sky commands the heavens with an awe-inspiring presence, radiating authority from every pore of an imposing, muscular frame capped by a regal mane of silver hair that cascades like a waterfall of power. Eyes, crackling with the energy of a storm, survey the world with a gaze both wise and capricious, reflecting the dual nature of a protector and instigator, a ruler whose booming voice resonates with the finality of fate. This sovereign wields a mighty scepter forged of the purest lightning, capable of casting both life-giving rains and devastating bolts with equal ease, a symbol of dominion over the celestial and terrestrial realms. Cloaked in billowing garments as white as billowing cumulus clouds yet edged with the golden brilliance of the sun, this ruler stands as an embodiment of strength, leadership, and virility, forever entwined with the eagle that soars high above all creation, an eternal reminder of an unyielding power that binds and upholds the order of existence.","Thunder
Wisdom
Underworld
Sun
War
Love
Sea
Harvest
Wine
Hunt
Fire
Messenger
Moon
Dawn
Terror
Sleep"
Hera,Juno,"Resplendent in regal finery, this majestic figure radiates an aura of imposing authority and unassailable dignity; crowned with a diadem that catches the celestial light, the flowing robes shimmer with the essence of peacock feather iridescence, signifying a connection to the avian splendor. Eyes, sharp as the glint of polished shields, reflect a cunning intelligence mixed with the simmering fire of jealousy and eternal vigilance, a testament to the untold stories of matrimonial strife shadowed by fierce loyalty and unyielding protectiveness. As the embodiment of matrimonial harmony and the pinnacle of ancient family values, this powerful force oversees the sanctity of marriage and birth, wielding a scepter over the domestic sphere with a grace that commands the natural world, aligning the seasons and enthroning the lofty peaks as a silent sentinel of enduring partnerships and righteous indignation against betrayal.",Queen
Poseidon,Neptune,"Enthroned amidst the surging oceanic realm, this commanding and imperious sovereign brandishes a trident, sculpted with robust, muscular arms and flowing locks of hair that seem to mirror the untamed waves. With eyes as deep and stormy as the tumultuous seas over which this figure reigns, an aura of immeasurable power and fathomless wrath accompanies the merest flicker of emotion, whether fostering calm waters for sailors or summoning ferocious tempests as the embodiment of the aquatic and equine world. Their dominion extends beneath cerulean, crested tides, where creatures great and small heed the thunderous voice that booms like the crash of breakers against ragged cliffs, affirming an ancient kinship to horses, whose fierce majesty and free spirit reflect the tempestuous nature of the oceans' omnipotent master.",Sea
Demeter,Ceres,"Amidst the verdant and bountiful fields, a majestic figure radiates with the nurturing essence of life itself, crowned with a wreath of golden grain that whispers tales of harvest's bounty. This entity, robed in shimmering hues of emerald and verdant green that mimic the lush tapestry of the earth, possesses a gaze as warm and fertile as the soils that burgeon under a nurturing touch. The embodiment of agriculture's heart and soul, charged with the cycle of the seasons and the flourish of crops, exudes a serene strength and a maternal grace, an anchor to the agrarian rhythm that sustains human existence. With every step, flowers bloom and fruits ripen, a testament to an unwavering connection with nature's profound and life-sustaining abundance.","Agriculture
Fertility"
Athena,Minerva,"Swathed in the resplendent armor of war, this embodiment of wisdom stands tall, eyes alight with the shimmering reflections of a thousand olive groves, hair as dark as the night sky draped over an intellect as sharp as the spear that pierces the hearts of those who challenge valor and strategy. Renowned for a serene yet impenetrable expression, this paragon of craft and skill emanates an aura of indomitable courage and unassailable grace, a beacon to those seeking guidance in the chaos of battle or the intricacies of justice. Custodian of the city's fortitude, revered by artisans and scholars alike, this vigilant protector is the anvil upon which the arts of peace and the implements of war are equally forged, a relentless champion of the virtues of civilization, and the eternal emblem of reason, justice, and enlightened thought.",Wisdom
Apollo,Apollo,"Radiant as the midday sun with a visage that eclipses the bright heavens, this figure stands tall in celestial splendor, golden locks cascading like molten streams of light, framing a countenance of harmonious perfection. A paragon of beauty, embodying the arts, this entity's silvery voice commands the muses and awakens the soul's deepest yearnings for poetry, music, and eloquent truths. With a laurel wreath crowning an intellectual brow, this epitome of youthful vitality holds in one hand a lyre, plucking melodies that weave the very fabric of existence, while the other hand might effortlessly grasp a glistening bow, arrows ready to strike with unerring precision. Embodied health and healing flow from a touch as gentle as the breeze, yet behind the serene gaze lies a fiery protector of light and order, a vigilant guardian against the dark chaos that would encroach upon the cosmos. As brilliant as the sun that courses across the sky, this beacon of prophecy and knowledge presides over oracles, offering cryptic foresight to those seeking the intricate tapestry of fate. Enshrined within the laurels of victory, the athletic form moves with a grace that inspires champions, stirring in their hearts a flame that burns for glory in the games of strength and skill. In every aspect, this being is the quintessence of harmony, a celestial archetype casting a boundless aura of inspiration and infinite divinity.",Sun
Artemis,Diana,"With a silvery crescent crown adorning the shadowy tresses that flow like a midnight river down an ethereal frame, the ever-vigilant guardian of the wilderness embodies an untamed elegance. Possessing eyes as sharp as the arrowheads in the quiver slung effortlessly across a lean, formidable shoulder, this embodiment of nature's wild purity exudes a fierce and tranquil aura simultaneously. A protector of the innocent and young, the very essence of chasteness and autonomy, the masterful archer commands the forest's chorus with a presence as cool and crisp as the dew on a fawn's brow. They are the whispered breeze through the cypress, the hushed reverence of the hunters, and the silent sentinel over the moonlit frolic of woodland creatures, inspiring both awe and devotion in the souls who dare to roam the sacred groves and shadowed glades.",Hunting
Ares,Mars,"Embodied within the towering, muscular figure, whose presence exudes the raw tumult of warfare, is the essence of conflict and violence, with eyes that flicker like the fiery embers of strife. This entity, clad in formidable, sanguine-tinged armor that sings with the echoes of thousands of battles, carries the aura of aggression and unyielding courage. With each earth-shaking step, the ground resonates with the might of an unquenchable lust for the cacophony of clashing swords and the deafening roar of battle. Their tempestuous temperament, as volatile as a storm on the Aegean Sea, is intertwined with a relentless spirit, eternally thirsting for the glory and tragedy that unfolds upon the fields of human discord. Emblazoned shields and spears are emblematic companions, heralding the carnage and valor that are as intrinsic to their being as the blood that courses through the veins of mortals.",Warrior
Aphrodite,Venus,"Enveloped in the resplendent radiance of divine beauty, this embodiment of allure and passion captivates every mortal and celestial heart with an ethereal visage that transcends the pinnacle of aesthetic perfection; golden locks cascade like a molten aurora framing the exquisite symmetry of a face where eyes, twin opalescent pools of desire and benevolence, glimmer with the potency of love. An aura of sublime grace encircles this epitome of charm, who exudes an intoxicating blend of elegance, sensuality, and a warmth as inviting as the caresses of the spring's first sunbeams. Adorned in the finest raiments that shimmer with the hues of the first blush of dawn, this sovereign of romance and affection reigns supreme over the realm of the human heart, wielding the mighty power to ignite the flames of desire and to soothe the sting of star-crossed lovers. Keeper of the harmonious balance between fervent devotion and the breathtaking thrill of attraction, this eternal patron of match-making and guardian of true intimacy is as much revered for the fervor of physical unions as for the tender, unseen threads that bind the souls of enamored companions in endless, enigmatic entanglements.",Beauty
Hephaestus,Vulcan,"Forged in the fiery belly of the ancient world, the masterful artisan of Olympus, adorned with a begrimed leather apron and wielding a hammer weathered by eternal toil, is a spectacle of resilience and skill, a visage marked by the laborious endeavors of creation. With sinewy arms, mightier than the stoutest of earthly blacksmiths, and a brow perpetually furrowed as if eternally contemplating the next marvelous invention, this genius of craftsmanship is cloaked in soot and the potent aroma of molten metals. Scarred by the flames that are both the source of ingenuity and constant companions, this figure stands as the indomitable forger of divine implements and protector of the forge's sacred flame, the fulcrum of civilization's great wheel. Rough-hewn features are softened by a demeanor of methodical patience and an unyielding endurance that echoes the eternal mountains, the embodiment of both architectural ingenuity and the tempestuous fire that fuels creation and transformation.",Craftsmanship
Hermes,Mercury,"Swift-footed and cunning, with mischievous twinkling eyes, this agile and lithe figure boasts a sharp, angular visage framed by locks as golden as the sun-drenched hills of summer. Donning feathered sandals that whisper with the promise of speed, and a traveler's cap that rests askew upon an intellect as boundless as the heavens, this herald of messages zips through the skies with a caduceus in hand, a symbol of peaceful negotiation and eloquent commerce. A patron of thieves, pathfinders, and guides, this quicksilver entity is as elusive as the wind, forever weaving tales and trade with the silver-tongued finesse of a seasoned diplomat. This entity's affable nature masks the cleverness of a trickster, often outwitting others with a roguish grin, casting a charm as potent as the many tales that echo through the ages, encapsulating the spirit of communication, agility, and the seamless flow of exchange.",Messenger
Dionysus,Bacchus,"Clothed in a tapestry of grapevines and ivy, this exuberant, beardless figure radiates an aura of mirth and revelry, their flowing locks crowned by a wreath of entwined greenery, with cheeks flushed by the vigor of the eternal vineyard's spirits. Their eyes, a deep intoxicating violet, shimmer with the mischief of a thousand feasts, reflecting the untamed ecstasy and wild abandon that ensue in their presence. Enthroned upon a panther, symbols of fertility and theatre cling to their essence, enchanting mortals with the dual allure of creation and spectacle, an embodiment of the intrinsic chaos and harmonious balance present within the human soul, an infinity of pastoral symphonies and frenzied bacchanals forever captured in the curve of a knowing, ecstatic smile.",Wine
Hades,Pluto,"Shrouded in the perpetual twilight of the underworld, the somber lord with sable hair, etched with the countless creases of ancient wisdom and the burdens of countless souls, presides over the silent kingdom of the departed with a strict but fair hand, guarded by the forlorn wails of spirits and the faint flicker of spectral fires. This regal entity embodies the solemnity of death, the inexorable march of time, and the finality of fate, cloaked in an aura of quiet strength and chilling detachment, a custodian of secrets and a whisperer to shadows, reigning over a realm where the Stygian rivers meander and the pomegranate groves blossom in eternal twilight.","Underworld
Pluto"
Persephone,Proserpina,"Beneath a crown of unfurling spring blossoms, the embodiment of duality graces the verdant meadows with an ethereal presence, radiating both the tender gentleness of the first blooms of spring and the somber majesty of the underworld's silent dominion. A visage framed by cascading locks of obsidian, soft as night's own shade, contrasts starkly with the luminescent alabaster skin, as if sculpted from the ivory of a hallowed sanctuary. Eyes, deep as a pair of twin mystical pools, shimmer with an empyrean spectrum of emotions, from the joys of unfettered life to the cold acknowledgment of mortality's embrace.

With every step, this sovereign of renewal and rebirth admonishes the frozen earth to yield to a tapestry of vibrant flora, whispering of life's inexhaustible resilience. Yet, equally at home in the desolate quietude beyond life's vibrancy, commanding spirits with a grace steeped in sepulchral elegance—a guardian of the threshold between worlds, a silent sentinel poised at the great cycle's precipice. Irrevocably tethered to both the efflorescence of growth and the achromatic stillness of decay, this figure stands as a perpetual symbol of the inextricable link between beginning and end, a custodian of the balance that life and death ever seek.",Rebirth
Hestia,Vesta,"Enveloped in the warm glow of the hearth’s gentle flames, the serene and unassuming guardian of the domestic sphere and eternal flame stands as a bastion of stability and comfort. With a tranquil and nurturing demeanor that radiates a welcoming sense of peace, this timeless protector of home and the sanctity of family is draped in a modest robe, symbolizing the virtues of domesticity. The embodiment of the communal fire, this figure’s presence is felt in the core of every household, fostering unity and fostering the sacred bonds of kinship. Their essence is interwoven with the very foundation of settled life, an unwavering anchor in the ever-shifting sands of time, offering a steady hand of warmth and a guiding light of wisdom to ensure the hearth's eternal glow.",Hearth
Eros,Cupid,"Cloaked in a shimmering aura of enrapturing allure, this timeless epitome of desire, with wings as delicate yet as powerful as the intoxicating whispers of passion, radiates an irresistible charm. The keeper of yearning hearts, originator of enamored glances and silent pledges of devotion, is eternally entwined with the most profound of human sensations, mingling within the tapestry of affection and longing. The visage, so divinely sculpted, as if by the very hands of love itself, beguiles the soul, while the eyes, deep pools of enduring ardor, beckon the fervent spirits of romance. Associated with the gentlest touch that sets the skin ablaze and the ardent kiss that seals fates together, this embodiment of affection casts an indelible mark upon the canvas of human connection, intertwining lives with an arrow's silent flight and weaving the eternal dance of intimate bonds.",Love Desire
Hebe,Juventas,"Radiant with eternal youth, the embodiment of prime and gracefulness, this figure beguiles the senses with an aura of flourishing vitality and the bloom of life's sweetest springtime. The vibrant guardian of everlasting freshness, their skin gleams like the morning's first dew, untouched by the withering march of time. A countenance of serene benevolence beams from their visage, eyes alight with the sparkling playfulness of innocence unmarred by the shadow of age. Garbed in a gown that cascades like a waterfall of purest light, this paragon of beauty pours the nectar of rejuvenation, offering a revitalizing balm to the weary and the worn. The air around them sings with the promise of youth reborn, entwined with subtle whispers of fidelity, service, and the delicate balance of the finite and the infinite, their presence a never-fading blossom in the garden of earthly delights.",Youthfulness
Helios,Sol,"Cloaked in the radiant robes of dawn, this celestial charioteer surges across the sky with fiery-maned steeds, trailing golden beams that awaken the world from slumber's embrace. With a countenance as brilliant as the heart of a star, and eyes aglow with the boundless energy of an eternal flame, this omnipotent force embodies both the fearsome power and the life-giving warmth of the sun. This luminous being is the sovereign of the sky, an ever-watchful sentinel, who marks the passage of days with the grandeur of solar splendor, heralding the dawn and granting mortals the gift of light and clarity.",Sun
Selene,Luna,"Glistening in the celestial tapestry, this luminous and ethereal embodiment of the moon, crowned with a diadem of shimmering silver beams, glides across the night sky in a chariot of pearlescent white horses. An epitome of tranquility, serenity, and the ever-changing nocturnal beauty, adorned in flowing robes that cascade like liquid moonlight, softly illuminating the dreams of mortals below. Guardian of the subconscious and patron of silent reflection, this timeless figure weaves the fabric of night with phases that wax and wane, orchestrating the tides and bestowing a gentle, guiding light upon the earth's silent slumber.",Moon
Hecate,Trivia,"Shrouded in the opaque velvet of night, this enigmatic figure emanates an aura of profound power, with eyes like burning coals piercing through the murkiness of shadows; a custodian of arcane sorcery and the esoteric secrets of magic, this entity commands the crossroads, governing transitions and liminal spaces with an otherworldly grace. Swathed in dark robes that whisper of a connection to the ephemeral and unseen, this being is accompanied by a retinue of spectral hounds and veritable phantoms, a testament to their dominion over the spectral realm and protectress of the threshold between life and death. Symbols of lunar luminescence and serpentine wisdom entwine their essence, hinting at their deep ties with transformation, enlightenment, and the nocturnal tapestry of the cosmos, where they orchestrate the delicate balance of nature, witchcraft, and the nurturing darkness that swaddles the earth in its silent, enigmatic embrace.",Magic
